{
 "cells": [
  {
   "cell_type": "markdown",
   "metadata": {},
   "source": [
    "# Numpy"
   ]
  },
  {
   "cell_type": "markdown",
   "metadata": {},
   "source": [
    "![gif](imgs/N003.gif)"
   ]
  },
  {
   "cell_type": "markdown",
   "metadata": {},
   "source": [
    "## Import"
   ]
  },
  {
   "cell_type": "code",
   "execution_count": 46,
   "metadata": {},
   "outputs": [],
   "source": [
    "import numpy as np\n",
    "from random import normalvariate"
   ]
  },
  {
   "cell_type": "markdown",
   "metadata": {},
   "source": [
    "## File-In-Out array"
   ]
  },
  {
   "cell_type": "code",
   "execution_count": 3,
   "metadata": {},
   "outputs": [
    {
     "data": {
      "text/plain": [
       "array([0, 1, 2, 3, 4, 5, 6, 7, 8, 9])"
      ]
     },
     "execution_count": 3,
     "metadata": {},
     "output_type": "execute_result"
    }
   ],
   "source": [
    "arr = np.arange(10)\n",
    "arr"
   ]
  },
  {
   "cell_type": "markdown",
   "metadata": {},
   "source": [
    "### save"
   ]
  },
  {
   "cell_type": "code",
   "execution_count": 4,
   "metadata": {},
   "outputs": [],
   "source": [
    "np.save('some_array', arr)"
   ]
  },
  {
   "cell_type": "markdown",
   "metadata": {},
   "source": [
    "### load"
   ]
  },
  {
   "cell_type": "code",
   "execution_count": 5,
   "metadata": {},
   "outputs": [
    {
     "data": {
      "text/plain": [
       "array([0, 1, 2, 3, 4, 5, 6, 7, 8, 9])"
      ]
     },
     "execution_count": 5,
     "metadata": {},
     "output_type": "execute_result"
    }
   ],
   "source": [
    "np.load('some_array.npy')"
   ]
  },
  {
   "cell_type": "markdown",
   "metadata": {},
   "source": [
    "### save zip"
   ]
  },
  {
   "cell_type": "code",
   "execution_count": 6,
   "metadata": {},
   "outputs": [],
   "source": [
    "np.savez('array_zip.npz', a=arr, b=arr)"
   ]
  },
  {
   "cell_type": "code",
   "execution_count": 11,
   "metadata": {},
   "outputs": [
    {
     "data": {
      "text/plain": [
       "array([0, 1, 2, 3, 4, 5, 6, 7, 8, 9])"
      ]
     },
     "execution_count": 11,
     "metadata": {},
     "output_type": "execute_result"
    }
   ],
   "source": [
    "ziparray = np.load('array_zip.npz')\n",
    "\n",
    "ziparray['a']"
   ]
  },
  {
   "cell_type": "code",
   "execution_count": 10,
   "metadata": {},
   "outputs": [
    {
     "data": {
      "text/plain": [
       "array([0, 1, 2, 3, 4, 5, 6, 7, 8, 9])"
      ]
     },
     "execution_count": 10,
     "metadata": {},
     "output_type": "execute_result"
    }
   ],
   "source": [
    "ziparray['b']"
   ]
  },
  {
   "cell_type": "markdown",
   "metadata": {},
   "source": [
    "## Linear math"
   ]
  },
  {
   "cell_type": "markdown",
   "metadata": {},
   "source": [
    "### dot"
   ]
  },
  {
   "cell_type": "code",
   "execution_count": 14,
   "metadata": {},
   "outputs": [
    {
     "data": {
      "text/plain": [
       "array([[1, 2],\n",
       "       [3, 4],\n",
       "       [5, 6]])"
      ]
     },
     "execution_count": 14,
     "metadata": {},
     "output_type": "execute_result"
    }
   ],
   "source": [
    "x = np.array([[1,2], [3,4], [5,6]])\n",
    "y = np.array([[1,2, 3], [4, 5, 6]])\n",
    "\n",
    "x"
   ]
  },
  {
   "cell_type": "code",
   "execution_count": 15,
   "metadata": {},
   "outputs": [
    {
     "data": {
      "text/plain": [
       "array([[1, 2, 3],\n",
       "       [4, 5, 6]])"
      ]
     },
     "execution_count": 15,
     "metadata": {},
     "output_type": "execute_result"
    }
   ],
   "source": [
    "y"
   ]
  },
  {
   "cell_type": "code",
   "execution_count": 16,
   "metadata": {},
   "outputs": [
    {
     "data": {
      "text/plain": [
       "(3, 2)"
      ]
     },
     "execution_count": 16,
     "metadata": {},
     "output_type": "execute_result"
    }
   ],
   "source": [
    "x.shape"
   ]
  },
  {
   "cell_type": "code",
   "execution_count": 19,
   "metadata": {},
   "outputs": [
    {
     "data": {
      "text/plain": [
       "(2, 3)"
      ]
     },
     "execution_count": 19,
     "metadata": {},
     "output_type": "execute_result"
    }
   ],
   "source": [
    "y.shape"
   ]
  },
  {
   "cell_type": "code",
   "execution_count": 20,
   "metadata": {},
   "outputs": [
    {
     "data": {
      "text/plain": [
       "array([[ 9, 12, 15],\n",
       "       [19, 26, 33],\n",
       "       [29, 40, 51]])"
      ]
     },
     "execution_count": 20,
     "metadata": {},
     "output_type": "execute_result"
    }
   ],
   "source": [
    "x.dot(y)"
   ]
  },
  {
   "cell_type": "code",
   "execution_count": 21,
   "metadata": {},
   "outputs": [
    {
     "data": {
      "text/plain": [
       "array([[22, 28],\n",
       "       [49, 64]])"
      ]
     },
     "execution_count": 21,
     "metadata": {},
     "output_type": "execute_result"
    }
   ],
   "source": [
    "y.dot(x)"
   ]
  },
  {
   "cell_type": "code",
   "execution_count": 22,
   "metadata": {},
   "outputs": [
    {
     "data": {
      "text/plain": [
       "array([[ 9, 12, 15],\n",
       "       [19, 26, 33],\n",
       "       [29, 40, 51]])"
      ]
     },
     "execution_count": 22,
     "metadata": {},
     "output_type": "execute_result"
    }
   ],
   "source": [
    "np.dot(x, y)"
   ]
  },
  {
   "cell_type": "code",
   "execution_count": 23,
   "metadata": {},
   "outputs": [
    {
     "data": {
      "text/plain": [
       "array([[22, 28],\n",
       "       [49, 64]])"
      ]
     },
     "execution_count": 23,
     "metadata": {},
     "output_type": "execute_result"
    }
   ],
   "source": [
    "np.dot(y, x)"
   ]
  },
  {
   "cell_type": "markdown",
   "metadata": {},
   "source": [
    "### numpy.linalg"
   ]
  },
  {
   "cell_type": "code",
   "execution_count": 24,
   "metadata": {},
   "outputs": [
    {
     "data": {
      "text/plain": [
       "array([[ 1.35370559,  0.22372257, -1.0300603 , -0.10732484,  1.11754061],\n",
       "       [ 0.48189601,  0.09903923,  0.89369358,  1.25185036, -0.22781326],\n",
       "       [ 0.71672092,  0.20371273, -1.12795302, -0.87030249, -0.23920776],\n",
       "       [-0.83632069,  0.81112669, -1.56775162,  0.49987171,  0.04090543],\n",
       "       [-0.87665011, -1.68909279, -2.13503185, -1.04396507,  0.0942768 ]])"
      ]
     },
     "execution_count": 24,
     "metadata": {},
     "output_type": "execute_result"
    }
   ],
   "source": [
    "X = np.random.randn(5,5)\n",
    "X"
   ]
  },
  {
   "cell_type": "code",
   "execution_count": 25,
   "metadata": {},
   "outputs": [
    {
     "data": {
      "text/plain": [
       "array([[ 4.0463792 ,  1.29896763,  1.41066047,  0.33135049,  1.11473565],\n",
       "       [ 1.29896763,  3.6123204 ,  1.96290631,  2.09149277,  0.05266417],\n",
       "       [ 1.41066047,  1.96290631, 10.14819658,  3.65620602, -1.35032788],\n",
       "       [ 0.33135049,  2.09149277,  3.65620602,  3.67580917, -0.27491909],\n",
       "       [ 1.11473565,  0.05266417, -1.35032788, -0.27491909,  1.36857762]])"
      ]
     },
     "execution_count": 25,
     "metadata": {},
     "output_type": "execute_result"
    }
   ],
   "source": [
    "mat = X.T.dot(X)\n",
    "mat"
   ]
  },
  {
   "cell_type": "code",
   "execution_count": 26,
   "metadata": {},
   "outputs": [
    {
     "data": {
      "text/plain": [
       "array([[ 0.49995044, -0.19170228, -0.1744913 ,  0.19775966, -0.53228205],\n",
       "       [-0.19170228,  0.49201875,  0.0632341 , -0.31537877,  0.13625002],\n",
       "       [-0.1744913 ,  0.0632341 ,  0.23788572, -0.23235575,  0.32773164],\n",
       "       [ 0.19775966, -0.31537877, -0.23235575,  0.64620814, -0.24839079],\n",
       "       [-0.53228205,  0.13625002,  0.32773164, -0.24839079,  1.43246248]])"
      ]
     },
     "execution_count": 26,
     "metadata": {},
     "output_type": "execute_result"
    }
   ],
   "source": [
    "np.linalg.inv(mat)"
   ]
  },
  {
   "cell_type": "code",
   "execution_count": 41,
   "metadata": {
    "scrolled": true
   },
   "outputs": [
    {
     "data": {
      "text/plain": [
       "array([[ 1.,  0., -0.,  0., -0.],\n",
       "       [-0.,  1.,  0.,  0., -0.],\n",
       "       [ 0.,  0.,  1., -0., -0.],\n",
       "       [ 0.,  0.,  0.,  1., -0.],\n",
       "       [ 0., -0., -0.,  0.,  1.]])"
      ]
     },
     "execution_count": 41,
     "metadata": {},
     "output_type": "execute_result"
    }
   ],
   "source": [
    "res = mat.dot(np.linalg.inv(mat))\n",
    "res.astype(np.float16).astype(np.float64)"
   ]
  },
  {
   "cell_type": "code",
   "execution_count": 42,
   "metadata": {},
   "outputs": [
    {
     "data": {
      "text/plain": [
       "array([[-0.87464202,  0.32771519,  0.107317  , -0.06154734, -0.33511055],\n",
       "       [-0.28077736, -0.73422027,  0.45588873,  0.40852422,  0.08577937],\n",
       "       [-0.30492024, -0.28244807, -0.86248826,  0.20196092,  0.20633108],\n",
       "       [-0.07162281, -0.49466267, -0.04924363, -0.85047005, -0.1563802 ],\n",
       "       [-0.24095484,  0.17045609,  0.18530405, -0.25540627,  0.90184008]])"
      ]
     },
     "execution_count": 42,
     "metadata": {},
     "output_type": "execute_result"
    }
   ],
   "source": [
    "q, r = np.linalg.qr(mat)\n",
    "q"
   ]
  },
  {
   "cell_type": "code",
   "execution_count": 44,
   "metadata": {},
   "outputs": [
    {
     "data": {
      "text/plain": [
       "array([[-4.6263261 , -2.9114076 , -4.81585284, -2.18893681, -0.88811416],\n",
       "       [ 0.        , -3.80657301, -5.88400955, -4.32486336,  1.07732081],\n",
       "       [ 0.        ,  0.        , -8.1367118 , -2.39634106,  1.57542202],\n",
       "       [ 0.        ,  0.        ,  0.        , -1.48350711, -0.43554075],\n",
       "       [ 0.        ,  0.        ,  0.        ,  0.        ,  0.62957327]])"
      ]
     },
     "execution_count": 44,
     "metadata": {},
     "output_type": "execute_result"
    }
   ],
   "source": [
    "r"
   ]
  },
  {
   "cell_type": "markdown",
   "metadata": {},
   "source": [
    "## Random number generation"
   ]
  },
  {
   "cell_type": "markdown",
   "metadata": {},
   "source": [
    "### normal"
   ]
  },
  {
   "cell_type": "code",
   "execution_count": 45,
   "metadata": {},
   "outputs": [
    {
     "data": {
      "text/plain": [
       "array([[ 1.42178289,  1.10908617,  0.38024221, -0.48763169],\n",
       "       [-0.2189263 ,  0.79056846,  0.23621595,  0.86328117],\n",
       "       [-0.83277519,  0.50458312, -2.17497517,  0.90268006],\n",
       "       [-0.08122491,  1.07852695,  1.85442125, -0.16533778]])"
      ]
     },
     "execution_count": 45,
     "metadata": {},
     "output_type": "execute_result"
    }
   ],
   "source": [
    "samp = np.random.normal(size=(4,4))\n",
    "samp"
   ]
  },
  {
   "cell_type": "markdown",
   "metadata": {},
   "source": [
    "### comparsion numpy & python-inner-module"
   ]
  },
  {
   "cell_type": "code",
   "execution_count": 48,
   "metadata": {},
   "outputs": [
    {
     "name": "stdout",
     "output_type": "stream",
     "text": [
      "731 ms ± 21.5 ms per loop (mean ± std. dev. of 7 runs, 1 loop each)\n",
      "30.6 ms ± 905 µs per loop (mean ± std. dev. of 7 runs, 10 loops each)\n"
     ]
    }
   ],
   "source": [
    "N = 1000000\n",
    "\n",
    "%timeit samp = [normalvariate(0,1) for _ in range(N)]\n",
    "\n",
    "%timeit samp = np.random.normal(size=N)"
   ]
  },
  {
   "cell_type": "markdown",
   "metadata": {},
   "source": [
    "### same parts of random module"
   ]
  },
  {
   "cell_type": "code",
   "execution_count": 59,
   "metadata": {},
   "outputs": [
    {
     "data": {
      "text/plain": [
       "44"
      ]
     },
     "execution_count": 59,
     "metadata": {},
     "output_type": "execute_result"
    }
   ],
   "source": [
    "np.random.seed(seed=0)\n",
    "np.random.randint(0, 100)"
   ]
  },
  {
   "cell_type": "code",
   "execution_count": 60,
   "metadata": {},
   "outputs": [
    {
     "data": {
      "text/plain": [
       "44"
      ]
     },
     "execution_count": 60,
     "metadata": {},
     "output_type": "execute_result"
    }
   ],
   "source": [
    "np.random.seed(seed=0)\n",
    "np.random.randint(0, 100)"
   ]
  },
  {
   "cell_type": "code",
   "execution_count": 66,
   "metadata": {},
   "outputs": [],
   "source": [
    "np.random.seed(seed=None)"
   ]
  },
  {
   "cell_type": "code",
   "execution_count": 87,
   "metadata": {},
   "outputs": [
    {
     "data": {
      "text/plain": [
       "array([[2, 1, 3, 0, 3, 2, 4, 1, 3, 3],\n",
       "       [3, 3, 3, 3, 2, 3, 1, 3, 2, 3],\n",
       "       [4, 2, 2, 4, 3, 2, 4, 2, 4, 2],\n",
       "       [3, 4, 2, 2, 4, 0, 1, 3, 1, 2],\n",
       "       [5, 2, 2, 1, 2, 1, 4, 3, 1, 4],\n",
       "       [3, 2, 1, 0, 3, 2, 2, 4, 1, 3],\n",
       "       [2, 4, 1, 1, 1, 3, 3, 2, 3, 3],\n",
       "       [2, 3, 4, 2, 3, 4, 3, 4, 3, 3],\n",
       "       [1, 2, 3, 2, 3, 2, 0, 1, 0, 4],\n",
       "       [4, 3, 3, 3, 4, 3, 2, 2, 1, 3]])"
      ]
     },
     "execution_count": 87,
     "metadata": {},
     "output_type": "execute_result"
    }
   ],
   "source": [
    "np.random.binomial(5, 0.5, size=(10,10))"
   ]
  },
  {
   "cell_type": "code",
   "execution_count": 94,
   "metadata": {},
   "outputs": [
    {
     "data": {
      "text/plain": [
       "array([[2.55715656, 1.14757453, 3.31939096, 2.40303023, 0.44167141],\n",
       "       [0.3105784 , 3.72955738, 0.41627019, 3.90311556, 3.69105278],\n",
       "       [4.351713  , 4.08041442, 0.03561683, 2.80970748, 3.41008135],\n",
       "       [0.37735299, 2.58909865, 0.84418403, 6.981493  , 1.78227703],\n",
       "       [4.01470155, 1.89373716, 1.62974005, 2.24472816, 0.31288873]])"
      ]
     },
     "execution_count": 94,
     "metadata": {},
     "output_type": "execute_result"
    }
   ],
   "source": [
    "np.random.chisquare(2, size=(5,5))"
   ]
  }
 ],
 "metadata": {
  "kernelspec": {
   "display_name": "Python 3",
   "language": "python",
   "name": "python3"
  },
  "language_info": {
   "codemirror_mode": {
    "name": "ipython",
    "version": 3
   },
   "file_extension": ".py",
   "mimetype": "text/x-python",
   "name": "python",
   "nbconvert_exporter": "python",
   "pygments_lexer": "ipython3",
   "version": "3.7.3"
  }
 },
 "nbformat": 4,
 "nbformat_minor": 2
}
