{
 "cells": [
  {
   "cell_type": "markdown",
   "metadata": {},
   "source": [
    "# Numpy"
   ]
  },
  {
   "cell_type": "markdown",
   "metadata": {},
   "source": [
    "![gif](imgs/N003.gif)"
   ]
  },
  {
   "cell_type": "markdown",
   "metadata": {},
   "source": [
    "## Import"
   ]
  },
  {
   "cell_type": "code",
   "execution_count": 57,
   "metadata": {},
   "outputs": [],
   "source": [
    "import numpy as np\n",
    "from random import normalvariate"
   ]
  },
  {
   "cell_type": "markdown",
   "metadata": {},
   "source": [
    "## File-In-Out array"
   ]
  },
  {
   "cell_type": "code",
   "execution_count": 58,
   "metadata": {},
   "outputs": [
    {
     "data": {
      "text/plain": [
       "array([0, 1, 2, 3, 4, 5, 6, 7, 8, 9])"
      ]
     },
     "execution_count": 58,
     "metadata": {},
     "output_type": "execute_result"
    }
   ],
   "source": [
    "arr = np.arange(10)\n",
    "arr"
   ]
  },
  {
   "cell_type": "markdown",
   "metadata": {},
   "source": [
    "### save"
   ]
  },
  {
   "cell_type": "code",
   "execution_count": 59,
   "metadata": {},
   "outputs": [],
   "source": [
    "np.save('files/some_array', arr)"
   ]
  },
  {
   "cell_type": "markdown",
   "metadata": {},
   "source": [
    "### load"
   ]
  },
  {
   "cell_type": "code",
   "execution_count": 60,
   "metadata": {},
   "outputs": [
    {
     "data": {
      "text/plain": [
       "array([0, 1, 2, 3, 4, 5, 6, 7, 8, 9])"
      ]
     },
     "execution_count": 60,
     "metadata": {},
     "output_type": "execute_result"
    }
   ],
   "source": [
    "np.load('files/some_array.npy')"
   ]
  },
  {
   "cell_type": "markdown",
   "metadata": {},
   "source": [
    "### save zip"
   ]
  },
  {
   "cell_type": "code",
   "execution_count": 61,
   "metadata": {},
   "outputs": [],
   "source": [
    "np.savez('files/array_zip.npz', a=arr, b=arr)"
   ]
  },
  {
   "cell_type": "code",
   "execution_count": 62,
   "metadata": {},
   "outputs": [
    {
     "data": {
      "text/plain": [
       "array([0, 1, 2, 3, 4, 5, 6, 7, 8, 9])"
      ]
     },
     "execution_count": 62,
     "metadata": {},
     "output_type": "execute_result"
    }
   ],
   "source": [
    "ziparray = np.load('files/array_zip.npz')\n",
    "\n",
    "ziparray['a']"
   ]
  },
  {
   "cell_type": "code",
   "execution_count": 63,
   "metadata": {},
   "outputs": [
    {
     "data": {
      "text/plain": [
       "array([0, 1, 2, 3, 4, 5, 6, 7, 8, 9])"
      ]
     },
     "execution_count": 63,
     "metadata": {},
     "output_type": "execute_result"
    }
   ],
   "source": [
    "ziparray['b']"
   ]
  },
  {
   "cell_type": "markdown",
   "metadata": {},
   "source": [
    "## Linear math"
   ]
  },
  {
   "cell_type": "markdown",
   "metadata": {},
   "source": [
    "### dot"
   ]
  },
  {
   "cell_type": "code",
   "execution_count": 64,
   "metadata": {},
   "outputs": [
    {
     "data": {
      "text/plain": [
       "array([[1, 2],\n",
       "       [3, 4],\n",
       "       [5, 6]])"
      ]
     },
     "execution_count": 64,
     "metadata": {},
     "output_type": "execute_result"
    }
   ],
   "source": [
    "x = np.array([[1,2], [3,4], [5,6]])\n",
    "y = np.array([[1,2, 3], [4, 5, 6]])\n",
    "\n",
    "x"
   ]
  },
  {
   "cell_type": "code",
   "execution_count": 65,
   "metadata": {},
   "outputs": [
    {
     "data": {
      "text/plain": [
       "array([[1, 2, 3],\n",
       "       [4, 5, 6]])"
      ]
     },
     "execution_count": 65,
     "metadata": {},
     "output_type": "execute_result"
    }
   ],
   "source": [
    "y"
   ]
  },
  {
   "cell_type": "code",
   "execution_count": 66,
   "metadata": {},
   "outputs": [
    {
     "data": {
      "text/plain": [
       "(3, 2)"
      ]
     },
     "execution_count": 66,
     "metadata": {},
     "output_type": "execute_result"
    }
   ],
   "source": [
    "x.shape"
   ]
  },
  {
   "cell_type": "code",
   "execution_count": 67,
   "metadata": {},
   "outputs": [
    {
     "data": {
      "text/plain": [
       "(2, 3)"
      ]
     },
     "execution_count": 67,
     "metadata": {},
     "output_type": "execute_result"
    }
   ],
   "source": [
    "y.shape"
   ]
  },
  {
   "cell_type": "code",
   "execution_count": 68,
   "metadata": {},
   "outputs": [
    {
     "data": {
      "text/plain": [
       "array([[ 9, 12, 15],\n",
       "       [19, 26, 33],\n",
       "       [29, 40, 51]])"
      ]
     },
     "execution_count": 68,
     "metadata": {},
     "output_type": "execute_result"
    }
   ],
   "source": [
    "x.dot(y)"
   ]
  },
  {
   "cell_type": "code",
   "execution_count": 69,
   "metadata": {},
   "outputs": [
    {
     "data": {
      "text/plain": [
       "array([[22, 28],\n",
       "       [49, 64]])"
      ]
     },
     "execution_count": 69,
     "metadata": {},
     "output_type": "execute_result"
    }
   ],
   "source": [
    "y.dot(x)"
   ]
  },
  {
   "cell_type": "code",
   "execution_count": 70,
   "metadata": {},
   "outputs": [
    {
     "data": {
      "text/plain": [
       "array([[ 9, 12, 15],\n",
       "       [19, 26, 33],\n",
       "       [29, 40, 51]])"
      ]
     },
     "execution_count": 70,
     "metadata": {},
     "output_type": "execute_result"
    }
   ],
   "source": [
    "np.dot(x, y)"
   ]
  },
  {
   "cell_type": "code",
   "execution_count": 71,
   "metadata": {},
   "outputs": [
    {
     "data": {
      "text/plain": [
       "array([[22, 28],\n",
       "       [49, 64]])"
      ]
     },
     "execution_count": 71,
     "metadata": {},
     "output_type": "execute_result"
    }
   ],
   "source": [
    "np.dot(y, x)"
   ]
  },
  {
   "cell_type": "markdown",
   "metadata": {},
   "source": [
    "### numpy.linalg"
   ]
  },
  {
   "cell_type": "code",
   "execution_count": 72,
   "metadata": {},
   "outputs": [
    {
     "data": {
      "text/plain": [
       "array([[-0.70280395, -1.21398416,  1.17601956, -1.07202697, -0.29216844],\n",
       "       [ 0.85967793,  0.01476934, -0.09857485,  0.13400173, -2.59249598],\n",
       "       [-1.26148687,  0.78935598,  1.22349472, -0.43841611, -0.88759236],\n",
       "       [ 0.39271283, -0.4016056 , -1.41429729,  1.06717745,  0.17711229],\n",
       "       [ 0.02096482,  0.36592712, -0.88015025,  0.89928711,  0.20679675]])"
      ]
     },
     "execution_count": 72,
     "metadata": {},
     "output_type": "execute_result"
    }
   ],
   "source": [
    "X = np.random.randn(5,5)\n",
    "X"
   ]
  },
  {
   "cell_type": "code",
   "execution_count": 73,
   "metadata": {},
   "outputs": [
    {
     "data": {
      "text/plain": [
       "array([[ 2.97899156, -0.27991654, -3.02854123,  1.85962697, -0.82979862],\n",
       "       [-0.27991654,  2.39224824, -0.21743326,  0.85782559, -0.37968468],\n",
       "       [-3.02854123, -0.21743326,  5.66457963, -4.11114765, -1.60650711],\n",
       "       [ 1.85962697,  0.85782559, -4.11114765,  3.306992  ,  0.72992818],\n",
       "       [-0.82979862, -0.37968468, -1.60650711,  0.72992818,  7.66835167]])"
      ]
     },
     "execution_count": 73,
     "metadata": {},
     "output_type": "execute_result"
    }
   ],
   "source": [
    "mat = X.T.dot(X)\n",
    "mat"
   ]
  },
  {
   "cell_type": "code",
   "execution_count": 74,
   "metadata": {},
   "outputs": [
    {
     "data": {
      "text/plain": [
       "array([[  95.33219787,  -57.36684038,  255.81657769,  271.52093808,\n",
       "          35.22342158],\n",
       "       [ -57.36684038,   35.72589748, -155.90244673, -166.12237421,\n",
       "         -21.28740877],\n",
       "       [ 255.81657769, -155.90244673,  691.7082787 ,  735.55919746,\n",
       "          94.85889386],\n",
       "       [ 271.52093808, -166.12237421,  735.55919746,  782.8991169 ,\n",
       "         100.73280006],\n",
       "       [  35.22342158,  -21.28740877,   94.85889386,  100.73280006,\n",
       "          13.17227305]])"
      ]
     },
     "execution_count": 74,
     "metadata": {},
     "output_type": "execute_result"
    }
   ],
   "source": [
    "np.linalg.inv(mat)"
   ]
  },
  {
   "cell_type": "code",
   "execution_count": 75,
   "metadata": {
    "scrolled": true
   },
   "outputs": [
    {
     "data": {
      "text/plain": [
       "array([[ 1., -0., -0., -0., -0.],\n",
       "       [-0.,  1., -0., -0., -0.],\n",
       "       [-0.,  0.,  1.,  0., -0.],\n",
       "       [ 0., -0.,  0.,  1.,  0.],\n",
       "       [ 0.,  0.,  0., -0.,  1.]])"
      ]
     },
     "execution_count": 75,
     "metadata": {},
     "output_type": "execute_result"
    }
   ],
   "source": [
    "res = mat.dot(np.linalg.inv(mat))\n",
    "res.astype(np.float16).astype(np.float64)"
   ]
  },
  {
   "cell_type": "code",
   "execution_count": 76,
   "metadata": {},
   "outputs": [
    {
     "data": {
      "text/plain": [
       "array([[-0.63123885,  0.1634649 , -0.32575967,  0.64004103,  0.24299147],\n",
       "       [ 0.05931343, -0.93093968, -0.05384516,  0.32460466, -0.14685282],\n",
       "       [ 0.64173826,  0.02808361, -0.34385045,  0.2022922 ,  0.65439135],\n",
       "       [-0.39404905, -0.29754125,  0.31922747, -0.41398596,  0.69491295],\n",
       "       [ 0.17583169,  0.13157151,  0.81904946,  0.5221808 ,  0.09086994]])"
      ]
     },
     "execution_count": 76,
     "metadata": {},
     "output_type": "execute_result"
    }
   ],
   "source": [
    "q, r = np.linalg.qr(mat)\n",
    "q"
   ]
  },
  {
   "cell_type": "code",
   "execution_count": 77,
   "metadata": {},
   "outputs": [
    {
     "data": {
      "text/plain": [
       "array([[-4.71927793e+00, -2.25734567e-01,  6.87153261e+00,\n",
       "        -4.93604151e+00,  5.31035388e-01],\n",
       "       [ 0.00000000e+00, -2.58409583e+00,  8.78304360e-01,\n",
       "        -1.49798480e+00,  9.64456941e-01],\n",
       "       [ 0.00000000e+00,  0.00000000e+00, -3.57768398e+00,\n",
       "         2.41516871e+00,  7.35692976e+00],\n",
       "       [ 0.00000000e+00,  0.00000000e+00,  0.00000000e+00,\n",
       "        -3.50855128e-01,  2.72274953e+00],\n",
       "       [ 0.00000000e+00,  0.00000000e+00,  0.00000000e+00,\n",
       "         0.00000000e+00,  6.89857669e-03]])"
      ]
     },
     "execution_count": 77,
     "metadata": {},
     "output_type": "execute_result"
    }
   ],
   "source": [
    "r"
   ]
  },
  {
   "cell_type": "markdown",
   "metadata": {},
   "source": [
    "## Random number generation"
   ]
  },
  {
   "cell_type": "markdown",
   "metadata": {},
   "source": [
    "### normal"
   ]
  },
  {
   "cell_type": "code",
   "execution_count": 78,
   "metadata": {},
   "outputs": [
    {
     "data": {
      "text/plain": [
       "array([[-0.75814029,  1.12473371,  0.07321268, -0.49406462],\n",
       "       [-1.68349606,  0.41777538,  0.85810033,  2.36977306],\n",
       "       [ 1.93699997,  0.81294668, -0.56916545,  0.86622721],\n",
       "       [-1.35649159, -0.94824277,  0.70571237,  2.31421474]])"
      ]
     },
     "execution_count": 78,
     "metadata": {},
     "output_type": "execute_result"
    }
   ],
   "source": [
    "samp = np.random.normal(size=(4,4))\n",
    "samp"
   ]
  },
  {
   "cell_type": "markdown",
   "metadata": {},
   "source": [
    "### comparsion numpy & python-inner-module"
   ]
  },
  {
   "cell_type": "code",
   "execution_count": 79,
   "metadata": {},
   "outputs": [
    {
     "name": "stdout",
     "output_type": "stream",
     "text": [
      "799 ms ± 22.8 ms per loop (mean ± std. dev. of 7 runs, 1 loop each)\n",
      "31.1 ms ± 1.05 ms per loop (mean ± std. dev. of 7 runs, 10 loops each)\n"
     ]
    }
   ],
   "source": [
    "N = 1000000\n",
    "\n",
    "%timeit samp = [normalvariate(0,1) for _ in range(N)]\n",
    "\n",
    "%timeit samp = np.random.normal(size=N)"
   ]
  },
  {
   "cell_type": "markdown",
   "metadata": {},
   "source": [
    "### same parts of random module"
   ]
  },
  {
   "cell_type": "code",
   "execution_count": 80,
   "metadata": {},
   "outputs": [
    {
     "data": {
      "text/plain": [
       "44"
      ]
     },
     "execution_count": 80,
     "metadata": {},
     "output_type": "execute_result"
    }
   ],
   "source": [
    "np.random.seed(seed=0)\n",
    "np.random.randint(0, 100)"
   ]
  },
  {
   "cell_type": "code",
   "execution_count": 81,
   "metadata": {},
   "outputs": [
    {
     "data": {
      "text/plain": [
       "44"
      ]
     },
     "execution_count": 81,
     "metadata": {},
     "output_type": "execute_result"
    }
   ],
   "source": [
    "np.random.seed(seed=0)\n",
    "np.random.randint(0, 100)"
   ]
  },
  {
   "cell_type": "code",
   "execution_count": 82,
   "metadata": {},
   "outputs": [],
   "source": [
    "np.random.seed(seed=None)"
   ]
  },
  {
   "cell_type": "code",
   "execution_count": 83,
   "metadata": {},
   "outputs": [
    {
     "data": {
      "text/plain": [
       "array([[0, 3, 2, 3, 1, 1, 3, 3, 1, 3],\n",
       "       [1, 0, 1, 3, 3, 4, 2, 1, 4, 2],\n",
       "       [2, 2, 2, 3, 1, 1, 1, 4, 2, 3],\n",
       "       [1, 2, 2, 2, 4, 3, 4, 2, 4, 2],\n",
       "       [1, 3, 4, 3, 4, 3, 3, 2, 3, 2],\n",
       "       [3, 3, 4, 2, 4, 1, 4, 2, 1, 1],\n",
       "       [1, 2, 2, 5, 1, 1, 4, 1, 1, 3],\n",
       "       [1, 1, 3, 2, 1, 3, 2, 2, 1, 1],\n",
       "       [3, 3, 2, 3, 2, 2, 2, 3, 3, 1],\n",
       "       [2, 3, 2, 4, 1, 2, 3, 2, 2, 1]])"
      ]
     },
     "execution_count": 83,
     "metadata": {},
     "output_type": "execute_result"
    }
   ],
   "source": [
    "np.random.binomial(5, 0.5, size=(10,10))"
   ]
  },
  {
   "cell_type": "code",
   "execution_count": 84,
   "metadata": {},
   "outputs": [
    {
     "data": {
      "text/plain": [
       "array([[2.53208475, 0.55913012, 1.55163244, 1.92929581, 3.08651928],\n",
       "       [1.95037798, 1.31148147, 1.75056827, 0.70609974, 0.69911837],\n",
       "       [0.80043595, 3.36379307, 2.11395116, 1.04014233, 7.30676566],\n",
       "       [4.79410801, 2.16993579, 0.01898945, 3.85677145, 2.50354293],\n",
       "       [4.00941032, 0.99162669, 1.91065537, 1.36737239, 7.30276366]])"
      ]
     },
     "execution_count": 84,
     "metadata": {},
     "output_type": "execute_result"
    }
   ],
   "source": [
    "np.random.chisquare(2, size=(5,5))"
   ]
  }
 ],
 "metadata": {
  "kernelspec": {
   "display_name": "Python 3",
   "language": "python",
   "name": "python3"
  },
  "language_info": {
   "codemirror_mode": {
    "name": "ipython",
    "version": 3
   },
   "file_extension": ".py",
   "mimetype": "text/x-python",
   "name": "python",
   "nbconvert_exporter": "python",
   "pygments_lexer": "ipython3",
   "version": "3.6.5"
  }
 },
 "nbformat": 4,
 "nbformat_minor": 2
}
